0.938
0.896
0.896
0.896
0.896
0.875
0.875
0.875
0.875
0.875
0.667
0.854
0.854
0.938
0.854
0.854
0.854
0.833
0.833
0.812
0.812
0.891
0.812
0.812
0.792
0.792
0.792
0.792
0.792
0.792
0.792
0.792
0.792
0.792
0.792
0.792
0.792
0.792
0.792
0.771
0.900
0.771
0.771
0.771
0.733
0.771
0.771
0.771
0.771
0.771
0.750
0.750
0.840
0.750
0.750
0.750
0.750
0.750
0.750
0.750
0.750
0.844
0.750
0.750
0.750
0.885
0.750
0.750
0.750
0.875
0.750
0.750
0.750
0.750
0.553
0.729
0.729
0.729
0.729
0.729
0.864
0.729
0.863
0.729
0.729
0.873
0.538
0.729
0.729
0.729
0.729
0.729
0.729
0.729
0.775
0.867
0.831
0.708
0.708
0.708
0.759
0.862
0.708
0.708
0.708
0.708
0.708
0.708
0.817
0.708
0.708
0.708
0.708
0.750
0.688
0.688
0.688
0.688
0.690
0.688
0.688
0.764
0.688
0.688
0.688
0.688
0.688
0.688
0.688
0.766
0.688
0.688
0.667
0.667
0.667
0.667
0.667
0.578
0.667
0.667
0.667
0.667
0.667
0.667
0.667
0.833
0.667
0.667
0.667
0.667
0.648
0.667
0.646
0.812
0.646
0.646
0.646
0.646
0.646
0.646
0.646
0.646
0.646
0.646
0.646
0.646
0.646
0.646
0.646
0.646
0.646
0.646
0.646
0.556
0.646
0.646
0.646
0.690
0.646
0.646
0.646
0.646
0.646
0.646
0.472
0.625
0.625
0.531
0.625
0.625
0.625
0.625
0.625
0.625
0.625
0.625
0.625
0.625
0.625
0.625
0.543
0.625
0.571
0.625
0.625
0.625
0.625
0.625
0.625
0.625
0.625
0.625
0.604
0.604
0.604
0.604
0.479
0.468
0.604
0.604
0.604
0.604
0.604
0.604
0.604
0.604
0.604
0.596
0.604
0.604
0.527
0.604
0.604
0.447
0.583
0.583
0.583
0.583
0.583
0.583
0.629
0.583
0.583
0.583
0.583
0.583
0.583
0.583
0.583
0.583
0.583
0.583
0.583
0.583
0.500
0.583
0.583
0.583
0.583
0.583
0.583
0.583
0.583
0.583
0.562
0.562
0.562
0.562
0.562
0.598
0.562
0.562
0.562
0.562
0.562
0.562
0.562
0.562
0.519
0.562
0.562
0.562
0.562
0.562
0.562
0.562
0.562
0.562
0.562
0.562
0.562
0.562
0.562
0.562
0.562
0.562
0.562
0.556
0.562
0.491
0.562
0.562
0.542
0.542
0.593
0.542
0.421
0.542
0.542
0.517
0.542
0.542
0.542
0.542
0.542
0.542
0.542
0.525
0.542
0.542
0.542
0.542
0.542
0.542
0.542
0.542
0.542
0.542
0.542
0.542
0.542
0.542
0.491
0.542
0.542
0.519
0.542
0.542
0.542
0.542
0.542
0.542
0.542
0.521
0.521
0.521
0.521
0.521
0.521
0.521
0.521
0.521
0.521
0.458
0.521
0.500
0.521
0.521
0.517
0.415
0.521
0.566
0.521
0.521
0.521
0.521
0.521
0.521
0.521
0.574
0.521
0.521
0.521
0.373
0.521
0.521
0.521
0.521
0.521
0.521
0.521
0.521
0.521
0.521
0.500
0.500
0.500
0.500
0.500
0.500
0.500
0.500
0.500
0.500
0.500
0.500
0.520
0.500
0.500
0.400
0.500
0.500
0.500
0.500
0.500
0.500
0.500
0.500
0.500
0.500
0.500
0.500
0.500
0.500
0.500
0.500
0.500
0.500
0.500
0.484
0.500
0.494
0.500
0.479
0.479
0.479
0.479
0.479
0.479
0.479
0.479
0.479
0.479
0.479
0.479
0.479
0.479
0.479
0.479
0.479
0.479
0.479
0.479
0.479
0.479
0.479
0.479
0.479
0.479
0.479
0.479
0.333
0.479
0.479
0.479
0.479
0.479
0.479
0.479
0.479
0.479
0.479
0.479
0.479
0.479
0.479
0.479
0.479
0.479
0.479
0.479
0.479
0.479
0.479
0.458
0.458
0.458
0.458
0.458
0.458
0.458
0.458
0.458
0.458
0.458
0.458
0.458
0.458
0.458
0.458
0.458
0.458
0.458
0.458
0.458
0.458
0.458
0.458
0.458
0.458
0.458
0.458
0.458
0.458
0.458
0.579
0.458
0.458
0.458
0.458
0.458
0.458
0.438
0.441
0.414
0.438
0.481
0.438
0.466
0.438
0.438
0.438
0.438
0.438
0.438
0.462
0.438
0.438
0.438
0.438
0.438
0.438
0.438
0.438
0.438
0.438
0.438
0.438
0.438
0.472
0.438
0.438
0.438
0.438
0.438
0.438
0.491
0.492
0.438
0.438
0.438
0.438
0.438
0.438
0.438
0.438
0.417
0.417
0.417
0.417
0.417
0.442
0.417
0.417
0.417
0.417
0.417
0.417
0.417
0.417
0.417
0.417
0.417
0.417
0.417
0.417
0.417
0.417
0.417
0.468
0.417
0.417
0.242
0.417
0.417
0.417
0.417
0.290
0.417
0.417
0.417
0.417
0.417
0.434
0.417
0.417
0.254
0.417
0.417
0.417
0.417
0.417
0.417
0.417
0.396
0.396
0.396
0.396
0.396
0.396
0.396
0.396
0.427
0.396
0.396
0.396
0.396
0.396
0.396
0.396
0.396
0.396
0.396
0.396
0.396
0.396
0.396
0.396
0.396
0.396
0.396
0.396
0.396
0.396
0.422
0.433
0.396
0.396
0.396
0.396
0.231
0.375
0.435
0.255
0.375
0.375
0.375
0.375
0.375
0.375
0.375
0.375
0.375
0.375
0.375
0.375
0.356
0.375
0.375
0.375
0.375
0.425
0.375
0.370
0.314
0.375
0.375
0.375
0.375
0.375
0.375
0.375
0.375
0.375
0.375
0.375
0.444
0.375
0.375
0.375
0.375
0.375
0.425
0.354
0.354
0.354
0.354
0.200
0.354
0.356
0.322
0.354
0.354
0.354
0.354
0.354
0.328
0.354
0.354
0.354
0.354
0.354
0.354
0.354
0.354
0.354
0.354
0.354
0.354
0.354
0.354
0.354
0.354
0.354
0.177
0.354
0.354
0.333
0.333
0.333
0.333
0.333
0.333
0.333
0.333
0.333
0.333
0.333
0.333
0.333
0.333
0.333
0.333
0.296
0.333
0.333
0.333
0.333
0.333
0.341
0.333
0.312
0.312
0.312
0.312
0.312
0.172
0.312
0.389
0.312
0.312
0.312
0.330
0.312
0.312
0.312
0.312
0.312
0.312
0.312
0.312
0.312
0.312
0.312
0.292
0.185
0.292
0.222
0.182
0.292
0.292
0.292
0.357
0.292
0.292
0.292
0.304
0.292
0.292
0.271
0.271
0.271
0.271
0.271
0.271
0.271
0.271
0.271
0.271
0.271
0.271
0.271
0.271
0.271
0.271
0.271
0.271
0.271
0.295
0.189
0.250
0.250
0.250
0.250
0.250
0.250
0.250
0.324
0.250
0.250
0.229
0.229
0.202
0.147
0.229
0.229
0.208
0.127
0.208
0.208
0.208
0.208
0.208
0.208
0.208
0.188
0.188
0.188
0.188
0.188
0.188
0.188
0.188
0.188
0.188
0.232
0.260
0.167
0.167
0.167
0.167
0.167
0.157
0.143
0.146
0.146
0.146
0.146
0.146
0.125
0.125
0.125
0.125
0.067
0.125
0.125
0.083
