0.979
0.979
0.975
0.938
0.938
0.938
0.938
0.938
0.938
0.920
0.920
0.917
0.917
0.917
0.917
0.917
0.905
0.898
0.896
0.896
0.896
0.896
0.896
0.896
0.893
0.880
0.880
0.875
0.875
0.875
0.875
0.875
0.875
0.875
0.875
0.875
0.875
0.875
0.875
0.870
0.865
0.860
0.860
0.854
0.854
0.854
0.854
0.854
0.854
0.854
0.854
0.854
0.854
0.854
0.854
0.854
0.854
0.854
0.854
0.846
0.845
0.840
0.833
0.833
0.833
0.833
0.833
0.833
0.833
0.833
0.833
0.833
0.833
0.833
0.833
0.833
0.833
0.820
0.820
0.812
0.812
0.812
0.812
0.812
0.812
0.812
0.812
0.812
0.812
0.812
0.812
0.810
0.800
0.800
0.797
0.792
0.792
0.792
0.792
0.792
0.792
0.792
0.792
0.792
0.792
0.792
0.792
0.792
0.792
0.787
0.776
0.771
0.771
0.771
0.771
0.771
0.771
0.771
0.771
0.771
0.771
0.771
0.763
0.750
0.750
0.750
0.750
0.750
0.750
0.750
0.750
0.750
0.750
0.750
0.750
0.750
0.742
0.742
0.740
0.729
0.729
0.729
0.729
0.729
0.729
0.729
0.729
0.729
0.729
0.729
0.729
0.729
0.729
0.729
0.729
0.729
0.729
0.723
0.720
0.720
0.708
0.708
0.708
0.708
0.708
0.708
0.708
0.708
0.708
0.708
0.708
0.708
0.708
0.708
0.708
0.705
0.705
0.700
0.700
0.700
0.698
0.696
0.693
0.688
0.688
0.688
0.688
0.688
0.688
0.688
0.688
0.688
0.688
0.688
0.688
0.688
0.688
0.688
0.688
0.688
0.688
0.688
0.688
0.688
0.688
0.688
0.688
0.688
0.688
0.688
0.688
0.688
0.685
0.685
0.680
0.667
0.667
0.667
0.667
0.667
0.667
0.667
0.667
0.667
0.667
0.667
0.667
0.667
0.667
0.667
0.667
0.667
0.667
0.667
0.667
0.667
0.667
0.667
0.667
0.667
0.667
0.667
0.667
0.663
0.660
0.660
0.660
0.660
0.660
0.660
0.657
0.655
0.646
0.646
0.646
0.646
0.646
0.646
0.646
0.646
0.646
0.646
0.646
0.646
0.646
0.646
0.646
0.646
0.646
0.646
0.646
0.646
0.646
0.646
0.646
0.646
0.646
0.646
0.646
0.644
0.640
0.637
0.632
0.630
0.630
0.625
0.625
0.625
0.625
0.625
0.625
0.625
0.625
0.625
0.625
0.625
0.625
0.625
0.625
0.625
0.625
0.625
0.625
0.625
0.625
0.625
0.625
0.625
0.625
0.625
0.625
0.621
0.620
0.620
0.620
0.619
0.616
0.616
0.615
0.604
0.604
0.604
0.604
0.604
0.604
0.604
0.604
0.604
0.604
0.604
0.604
0.604
0.604
0.604
0.604
0.604
0.604
0.604
0.604
0.604
0.604
0.604
0.604
0.604
0.604
0.600
0.600
0.595
0.592
0.590
0.588
0.583
0.583
0.583
0.583
0.583
0.583
0.583
0.583
0.583
0.583
0.583
0.583
0.583
0.583
0.583
0.583
0.583
0.583
0.583
0.583
0.583
0.583
0.583
0.583
0.583
0.583
0.583
0.583
0.583
0.583
0.583
0.583
0.583
0.583
0.583
0.583
0.580
0.576
0.574
0.571
0.565
0.562
0.562
0.562
0.562
0.562
0.562
0.562
0.562
0.562
0.562
0.562
0.562
0.562
0.562
0.562
0.562
0.562
0.562
0.562
0.562
0.562
0.562
0.562
0.562
0.562
0.562
0.562
0.562
0.562
0.562
0.562
0.562
0.562
0.562
0.562
0.562
0.562
0.562
0.562
0.562
0.562
0.562
0.560
0.560
0.556
0.554
0.554
0.553
0.542
0.542
0.542
0.542
0.542
0.542
0.542
0.542
0.542
0.542
0.542
0.542
0.542
0.542
0.542
0.542
0.542
0.542
0.542
0.542
0.542
0.542
0.542
0.542
0.542
0.542
0.542
0.542
0.542
0.542
0.542
0.542
0.542
0.540
0.540
0.540
0.540
0.536
0.531
0.521
0.521
0.521
0.521
0.521
0.521
0.521
0.521
0.521
0.521
0.521
0.521
0.521
0.521
0.521
0.521
0.521
0.521
0.521
0.521
0.521
0.521
0.521
0.521
0.521
0.521
0.521
0.521
0.521
0.521
0.521
0.521
0.521
0.521
0.521
0.521
0.521
0.521
0.521
0.521
0.521
0.521
0.521
0.521
0.521
0.521
0.520
0.519
0.517
0.500
0.500
0.500
0.500
0.500
0.500
0.500
0.500
0.500
0.500
0.500
0.500
0.500
0.500
0.500
0.500
0.500
0.500
0.500
0.500
0.500
0.500
0.500
0.500
0.500
0.500
0.500
0.500
0.500
0.500
0.500
0.500
0.500
0.500
0.500
0.500
0.500
0.491
0.481
0.480
0.479
0.479
0.479
0.479
0.479
0.479
0.479
0.479
0.479
0.479
0.479
0.479
0.479
0.479
0.479
0.479
0.479
0.479
0.479
0.479
0.479
0.479
0.479
0.479
0.479
0.479
0.479
0.479
0.479
0.479
0.479
0.479
0.479
0.479
0.479
0.479
0.475
0.473
0.471
0.469
0.466
0.461
0.460
0.458
0.458
0.458
0.458
0.458
0.458
0.458
0.458
0.458
0.458
0.458
0.458
0.458
0.458
0.458
0.458
0.458
0.458
0.458
0.458
0.458
0.458
0.458
0.458
0.458
0.458
0.458
0.458
0.458
0.458
0.458
0.458
0.458
0.458
0.458
0.458
0.458
0.458
0.458
0.458
0.456
0.455
0.454
0.453
0.451
0.450
0.447
0.440
0.438
0.438
0.438
0.438
0.438
0.438
0.438
0.438
0.438
0.438
0.438
0.438
0.438
0.438
0.438
0.438
0.438
0.438
0.438
0.438
0.438
0.438
0.438
0.438
0.438
0.438
0.438
0.438
0.438
0.438
0.438
0.438
0.438
0.438
0.438
0.438
0.438
0.438
0.433
0.431
0.431
0.424
0.423
0.420
0.420
0.420
0.420
0.417
0.417
0.417
0.417
0.417
0.417
0.417
0.417
0.417
0.417
0.417
0.417
0.417
0.417
0.417
0.417
0.417
0.417
0.417
0.417
0.417
0.417
0.417
0.417
0.417
0.417
0.417
0.417
0.417
0.417
0.417
0.417
0.417
0.412
0.412
0.409
0.400
0.400
0.398
0.396
0.396
0.396
0.396
0.396
0.396
0.396
0.396
0.396
0.396
0.396
0.396
0.396
0.396
0.396
0.396
0.396
0.396
0.396
0.396
0.396
0.396
0.396
0.396
0.396
0.396
0.396
0.396
0.396
0.396
0.396
0.396
0.396
0.396
0.396
0.396
0.396
0.396
0.396
0.396
0.396
0.396
0.396
0.396
0.396
0.396
0.395
0.391
0.388
0.385
0.380
0.375
0.375
0.375
0.375
0.375
0.375
0.375
0.375
0.375
0.375
0.375
0.375
0.375
0.375
0.375
0.375
0.375
0.375
0.375
0.375
0.375
0.375
0.375
0.375
0.375
0.375
0.375
0.375
0.375
0.375
0.375
0.375
0.375
0.373
0.370
0.362
0.362
0.360
0.360
0.354
0.354
0.354
0.354
0.354
0.354
0.354
0.354
0.354
0.354
0.354
0.354
0.354
0.354
0.354
0.354
0.354
0.354
0.354
0.354
0.354
0.354
0.354
0.354
0.354
0.354
0.354
0.354
0.354
0.354
0.354
0.354
0.354
0.354
0.354
0.354
0.354
0.354
0.354
0.352
0.351
0.348
0.347
0.343
0.342
0.342
0.340
0.339
0.336
0.333
0.333
0.333
0.333
0.333
0.333
0.333
0.333
0.333
0.333
0.333
0.333
0.333
0.333
0.333
0.333
0.333
0.333
0.333
0.333
0.333
0.333
0.333
0.333
0.333
0.333
0.333
0.333
0.333
0.333
0.333
0.327
0.322
0.320
0.315
0.312
0.312
0.312
0.312
0.312
0.312
0.312
0.312
0.312
0.312
0.312
0.312
0.312
0.312
0.312
0.312
0.312
0.312
0.312
0.312
0.312
0.312
0.312
0.304
0.300
0.300
0.300
0.297
0.294
0.292
0.292
0.292
0.292
0.292
0.292
0.292
0.292
0.292
0.292
0.292
0.292
0.292
0.292
0.292
0.292
0.292
0.292
0.292
0.292
0.292
0.292
0.292
0.292
0.292
0.288
0.280
0.280
0.279
0.275
0.275
0.275
0.271
0.271
0.271
0.271
0.271
0.271
0.271
0.271
0.271
0.271
0.271
0.271
0.271
0.271
0.271
0.271
0.271
0.271
0.271
0.271
0.271
0.271
0.271
0.271
0.271
0.271
0.271
0.271
0.271
0.271
0.271
0.269
0.266
0.260
0.250
0.250
0.250
0.250
0.250
0.250
0.250
0.250
0.250
0.250
0.250
0.250
0.250
0.250
0.250
0.250
0.250
0.250
0.250
0.250
0.250
0.246
0.245
0.240
0.229
0.229
0.229
0.229
0.229
0.229
0.229
0.229
0.229
0.229
0.229
0.229
0.229
0.229
0.229
0.229
0.229
0.229
0.229
0.229
0.229
0.229
0.229
0.229
0.229
0.229
0.224
0.220
0.220
0.216
0.214
0.208
0.208
0.208
0.208
0.208
0.208
0.208
0.208
0.208
0.200
0.200
0.188
0.188
0.188
0.188
0.188
0.188
0.188
0.188
0.188
0.188
0.188
0.188
0.188
0.188
0.188
0.188
0.184
0.181
0.169
0.169
0.167
0.167
0.167
0.167
0.167
0.167
0.167
0.160
0.160
0.157
0.146
0.146
0.146
0.146
0.146
0.146
0.146
0.146
0.146
0.146
0.146
0.142
0.140
0.140
0.134
0.125
0.125
0.125
0.125
0.125
0.125
0.125
0.125
0.125
0.125
0.108
0.104
0.104
0.104
0.104
0.104
0.104
0.104
0.083
0.083
0.062
0.062
