0.980
0.958
0.940
0.938
0.938
0.926
0.924
0.922
0.920
0.917
0.917
0.917
0.917
0.917
0.900
0.896
0.896
0.880
0.879
0.877
0.875
0.875
0.875
0.875
0.872
0.868
0.864
0.863
0.860
0.860
0.860
0.854
0.854
0.854
0.854
0.854
0.854
0.854
0.849
0.846
0.840
0.840
0.840
0.840
0.840
0.833
0.833
0.833
0.833
0.833
0.833
0.827
0.827
0.827
0.820
0.820
0.820
0.815
0.812
0.812
0.812
0.812
0.812
0.812
0.812
0.812
0.808
0.808
0.796
0.792
0.792
0.792
0.792
0.792
0.792
0.792
0.792
0.792
0.788
0.780
0.780
0.780
0.771
0.771
0.771
0.771
0.771
0.771
0.771
0.771
0.771
0.771
0.769
0.769
0.760
0.760
0.760
0.760
0.760
0.760
0.760
0.750
0.750
0.750
0.750
0.750
0.750
0.750
0.745
0.740
0.740
0.740
0.740
0.740
0.740
0.731
0.729
0.729
0.729
0.729
0.729
0.729
0.729
0.729
0.729
0.729
0.729
0.720
0.720
0.720
0.720
0.720
0.708
0.708
0.708
0.708
0.708
0.708
0.708
0.708
0.708
0.708
0.704
0.704
0.700
0.700
0.700
0.694
0.688
0.688
0.688
0.688
0.688
0.688
0.688
0.680
0.680
0.680
0.680
0.680
0.680
0.680
0.680
0.673
0.667
0.667
0.667
0.667
0.667
0.667
0.667
0.667
0.667
0.667
0.667
0.667
0.660
0.660
0.660
0.660
0.660
0.660
0.660
0.660
0.657
0.656
0.656
0.655
0.654
0.654
0.654
0.654
0.646
0.646
0.646
0.646
0.646
0.646
0.646
0.646
0.646
0.646
0.646
0.646
0.646
0.646
0.646
0.646
0.640
0.640
0.640
0.640
0.640
0.625
0.625
0.625
0.625
0.625
0.625
0.625
0.625
0.625
0.625
0.625
0.625
0.620
0.620
0.620
0.620
0.620
0.620
0.620
0.615
0.615
0.613
0.611
0.607
0.604
0.604
0.604
0.604
0.604
0.604
0.604
0.604
0.604
0.604
0.604
0.602
0.600
0.600
0.600
0.600
0.600
0.600
0.600
0.600
0.600
0.596
0.593
0.583
0.583
0.583
0.583
0.583
0.583
0.583
0.583
0.583
0.583
0.583
0.580
0.580
0.580
0.580
0.580
0.580
0.580
0.580
0.578
0.577
0.577
0.567
0.562
0.562
0.562
0.562
0.562
0.562
0.562
0.562
0.562
0.562
0.562
0.562
0.562
0.562
0.562
0.562
0.562
0.560
0.560
0.560
0.560
0.560
0.560
0.560
0.560
0.560
0.560
0.560
0.560
0.560
0.560
0.560
0.560
0.558
0.558
0.558
0.558
0.558
0.550
0.547
0.544
0.542
0.542
0.542
0.542
0.542
0.542
0.542
0.542
0.542
0.540
0.540
0.540
0.540
0.540
0.538
0.537
0.536
0.536
0.534
0.533
0.522
0.521
0.521
0.521
0.521
0.521
0.521
0.521
0.521
0.521
0.521
0.521
0.521
0.521
0.521
0.521
0.521
0.520
0.520
0.520
0.520
0.520
0.520
0.520
0.520
0.520
0.519
0.519
0.519
0.519
0.519
0.510
0.509
0.500
0.500
0.500
0.500
0.500
0.500
0.500
0.500
0.500
0.500
0.500
0.500
0.500
0.500
0.500
0.500
0.500
0.500
0.500
0.500
0.500
0.500
0.500
0.500
0.500
0.500
0.500
0.500
0.494
0.483
0.483
0.482
0.481
0.481
0.480
0.480
0.480
0.480
0.480
0.480
0.480
0.480
0.480
0.480
0.480
0.480
0.480
0.480
0.480
0.480
0.480
0.480
0.480
0.480
0.480
0.480
0.479
0.479
0.479
0.479
0.479
0.479
0.479
0.479
0.479
0.479
0.479
0.479
0.479
0.473
0.468
0.462
0.462
0.462
0.462
0.462
0.462
0.460
0.460
0.460
0.460
0.460
0.460
0.459
0.458
0.458
0.458
0.458
0.458
0.458
0.458
0.458
0.458
0.458
0.458
0.458
0.452
0.449
0.444
0.442
0.440
0.440
0.440
0.440
0.440
0.440
0.440
0.440
0.440
0.440
0.440
0.438
0.438
0.438
0.438
0.438
0.438
0.438
0.438
0.438
0.438
0.438
0.438
0.434
0.433
0.420
0.420
0.420
0.420
0.420
0.420
0.420
0.417
0.417
0.417
0.417
0.417
0.417
0.417
0.417
0.417
0.417
0.417
0.417
0.417
0.417
0.417
0.408
0.407
0.407
0.406
0.404
0.404
0.404
0.400
0.400
0.400
0.400
0.400
0.400
0.400
0.400
0.400
0.400
0.396
0.396
0.396
0.396
0.396
0.396
0.396
0.396
0.396
0.396
0.396
0.396
0.396
0.396
0.396
0.396
0.395
0.385
0.385
0.384
0.383
0.383
0.380
0.380
0.380
0.380
0.380
0.380
0.380
0.375
0.375
0.375
0.375
0.375
0.375
0.375
0.375
0.375
0.375
0.375
0.375
0.375
0.365
0.365
0.360
0.360
0.360
0.360
0.360
0.360
0.360
0.360
0.360
0.360
0.360
0.360
0.360
0.354
0.354
0.354
0.354
0.354
0.354
0.354
0.354
0.353
0.352
0.352
0.349
0.346
0.346
0.345
0.340
0.340
0.340
0.340
0.340
0.340
0.340
0.340
0.340
0.340
0.340
0.340
0.340
0.340
0.333
0.333
0.333
0.333
0.333
0.333
0.333
0.333
0.333
0.327
0.327
0.327
0.327
0.327
0.320
0.320
0.320
0.320
0.320
0.320
0.320
0.320
0.320
0.320
0.320
0.320
0.320
0.312
0.312
0.312
0.312
0.312
0.312
0.312
0.312
0.312
0.312
0.311
0.308
0.304
0.300
0.300
0.300
0.294
0.292
0.292
0.292
0.292
0.292
0.292
0.292
0.292
0.292
0.292
0.292
0.292
0.288
0.288
0.280
0.280
0.280
0.280
0.280
0.280
0.279
0.274
0.271
0.271
0.271
0.271
0.271
0.271
0.271
0.271
0.271
0.269
0.263
0.262
0.260
0.260
0.260
0.259
0.250
0.250
0.250
0.250
0.250
0.250
0.250
0.250
0.250
0.250
0.250
0.250
0.245
0.240
0.240
0.240
0.240
0.237
0.235
0.231
0.231
0.231
0.231
0.229
0.229
0.229
0.229
0.229
0.229
0.229
0.229
0.227
0.225
0.220
0.220
0.220
0.212
0.212
0.212
0.208
0.208
0.208
0.208
0.208
0.208
0.208
0.208
0.208
0.207
0.204
0.200
0.200
0.200
0.192
0.189
0.188
0.188
0.188
0.188
0.180
0.180
0.180
0.180
0.179
0.173
0.167
0.167
0.167
0.167
0.161
0.160
0.160
0.160
0.160
0.154
0.148
0.146
0.146
0.146
0.146
0.146
0.146
0.144
0.140
0.140
0.139
0.135
0.131
0.125
0.125
0.125
0.120
0.120
0.104
0.104
0.104
0.104
0.104
0.100
0.100
0.100
0.100
0.096
0.083
0.083
0.075
0.062
0.062
0.060
0.058
0.040
0.040
0.020
0.019
