0.958
0.958
0.958
0.946
0.934
0.917
0.917
0.917
0.917
0.896
0.896
0.896
0.896
0.896
0.896
0.896
0.892
0.888
0.875
0.875
0.875
0.875
0.870
0.861
0.854
0.854
0.854
0.854
0.854
0.839
0.833
0.833
0.833
0.833
0.833
0.833
0.833
0.833
0.833
0.833
0.814
0.812
0.812
0.812
0.812
0.812
0.812
0.812
0.812
0.811
0.810
0.806
0.792
0.792
0.792
0.792
0.792
0.792
0.779
0.771
0.771
0.771
0.771
0.771
0.771
0.771
0.771
0.771
0.771
0.771
0.771
0.771
0.767
0.766
0.754
0.754
0.750
0.750
0.750
0.750
0.750
0.750
0.750
0.750
0.750
0.750
0.750
0.750
0.750
0.740
0.729
0.729
0.729
0.729
0.729
0.729
0.729
0.729
0.729
0.729
0.729
0.729
0.729
0.729
0.729
0.729
0.729
0.729
0.729
0.729
0.729
0.729
0.729
0.729
0.708
0.708
0.708
0.708
0.708
0.708
0.708
0.708
0.708
0.708
0.708
0.708
0.708
0.689
0.688
0.688
0.688
0.688
0.688
0.688
0.688
0.688
0.688
0.688
0.688
0.688
0.688
0.688
0.688
0.688
0.688
0.688
0.688
0.688
0.688
0.680
0.680
0.675
0.670
0.669
0.667
0.667
0.667
0.667
0.667
0.667
0.667
0.667
0.667
0.667
0.667
0.667
0.667
0.667
0.667
0.667
0.667
0.667
0.667
0.667
0.667
0.667
0.667
0.667
0.667
0.667
0.667
0.661
0.660
0.654
0.653
0.646
0.646
0.646
0.646
0.646
0.646
0.646
0.646
0.646
0.646
0.646
0.646
0.646
0.646
0.640
0.640
0.636
0.625
0.625
0.625
0.625
0.625
0.625
0.625
0.625
0.625
0.625
0.625
0.625
0.625
0.625
0.625
0.625
0.625
0.625
0.625
0.624
0.618
0.613
0.604
0.604
0.604
0.604
0.604
0.604
0.604
0.604
0.604
0.604
0.604
0.604
0.604
0.604
0.604
0.604
0.604
0.604
0.604
0.604
0.604
0.604
0.604
0.604
0.604
0.604
0.604
0.604
0.604
0.604
0.604
0.583
0.583
0.583
0.583
0.583
0.583
0.583
0.583
0.583
0.583
0.583
0.583
0.583
0.583
0.583
0.583
0.583
0.583
0.583
0.583
0.583
0.583
0.583
0.583
0.583
0.575
0.574
0.571
0.563
0.562
0.562
0.562
0.562
0.562
0.562
0.562
0.562
0.562
0.562
0.562
0.562
0.562
0.562
0.562
0.562
0.562
0.562
0.562
0.561
0.548
0.542
0.542
0.542
0.542
0.542
0.542
0.542
0.542
0.542
0.542
0.542
0.542
0.542
0.542
0.542
0.542
0.542
0.542
0.542
0.542
0.542
0.542
0.542
0.542
0.542
0.542
0.542
0.542
0.542
0.542
0.542
0.542
0.541
0.521
0.521
0.521
0.521
0.521
0.521
0.521
0.521
0.521
0.521
0.521
0.521
0.521
0.521
0.521
0.521
0.521
0.521
0.521
0.521
0.521
0.521
0.521
0.521
0.521
0.521
0.520
0.514
0.509
0.500
0.500
0.500
0.500
0.500
0.500
0.500
0.500
0.500
0.500
0.500
0.500
0.500
0.500
0.500
0.500
0.500
0.495
0.485
0.479
0.479
0.479
0.479
0.479
0.479
0.479
0.479
0.479
0.479
0.479
0.479
0.479
0.479
0.479
0.479
0.479
0.479
0.479
0.479
0.479
0.479
0.479
0.477
0.475
0.469
0.464
0.461
0.460
0.458
0.458
0.458
0.458
0.458
0.458
0.458
0.458
0.458
0.458
0.458
0.458
0.458
0.458
0.458
0.458
0.458
0.458
0.458
0.458
0.458
0.458
0.458
0.457
0.455
0.455
0.450
0.445
0.440
0.438
0.438
0.438
0.438
0.438
0.438
0.438
0.438
0.438
0.438
0.438
0.438
0.438
0.438
0.438
0.438
0.438
0.438
0.438
0.438
0.438
0.438
0.438
0.438
0.438
0.438
0.436
0.427
0.426
0.420
0.420
0.417
0.417
0.417
0.417
0.417
0.417
0.417
0.417
0.417
0.417
0.417
0.417
0.417
0.417
0.417
0.417
0.417
0.417
0.417
0.417
0.417
0.417
0.417
0.417
0.417
0.415
0.414
0.404
0.397
0.397
0.396
0.396
0.396
0.396
0.396
0.396
0.396
0.396
0.396
0.396
0.396
0.396
0.396
0.396
0.396
0.396
0.396
0.396
0.396
0.396
0.396
0.396
0.396
0.396
0.396
0.396
0.396
0.381
0.375
0.375
0.375
0.375
0.375
0.375
0.375
0.375
0.375
0.375
0.375
0.375
0.375
0.375
0.375
0.375
0.375
0.375
0.375
0.375
0.375
0.375
0.375
0.375
0.369
0.360
0.360
0.358
0.355
0.354
0.354
0.354
0.354
0.354
0.354
0.354
0.354
0.354
0.354
0.354
0.354
0.354
0.354
0.354
0.354
0.354
0.354
0.354
0.354
0.354
0.354
0.354
0.354
0.354
0.354
0.354
0.351
0.347
0.343
0.342
0.340
0.333
0.333
0.333
0.333
0.333
0.333
0.333
0.333
0.333
0.333
0.333
0.333
0.333
0.333
0.333
0.333
0.333
0.333
0.333
0.333
0.333
0.333
0.333
0.333
0.325
0.322
0.321
0.320
0.318
0.312
0.312
0.312
0.312
0.312
0.312
0.312
0.312
0.312
0.312
0.312
0.312
0.312
0.312
0.312
0.312
0.312
0.312
0.312
0.312
0.312
0.312
0.312
0.312
0.312
0.312
0.312
0.312
0.311
0.306
0.303
0.300
0.300
0.299
0.292
0.292
0.292
0.292
0.292
0.292
0.292
0.292
0.292
0.292
0.292
0.292
0.292
0.278
0.275
0.274
0.271
0.271
0.271
0.271
0.271
0.271
0.271
0.271
0.271
0.271
0.271
0.271
0.271
0.271
0.271
0.271
0.271
0.271
0.271
0.271
0.271
0.271
0.271
0.271
0.271
0.271
0.271
0.271
0.270
0.266
0.263
0.263
0.254
0.250
0.250
0.250
0.250
0.250
0.250
0.250
0.250
0.250
0.250
0.250
0.250
0.240
0.238
0.235
0.235
0.229
0.229
0.229
0.229
0.229
0.229
0.229
0.229
0.229
0.229
0.229
0.216
0.214
0.214
0.208
0.208
0.208
0.208
0.208
0.208
0.208
0.208
0.208
0.208
0.208
0.208
0.208
0.206
0.200
0.196
0.188
0.188
0.188
0.188
0.188
0.188
0.188
0.188
0.188
0.188
0.174
0.167
0.167
0.167
0.167
0.167
0.167
0.167
0.146
0.146
0.146
0.146
0.146
0.146
0.146
0.132
0.125
0.125
0.125
0.104
0.104
0.088
0.083
0.083
